15
14
22
17
15
14
20
18
24
21
18
18
17
13
15
8
18
16
11
16
17
14
24
20
14
17
16
23
22
18
14
22
17
20
16
17
19
16
20
18
15
14
16
16
12
13
14
18
15
22
13
12
19
16
13
13
15
20
16
15
18
21
18
17
10
18
16
25
18
16
18
18
19
17
14
10
16
17
26
16
17
20
10
14
17
14
20
18
23
19
10
20
18
21
21
18
19
19
24
16
13
22
19
14
10
16
20
16
13
18
11
26
19
13
14
21
19
18
16
24
14
20
17
22
20
16
22
21
15
14
16
22
20
22
22
15
26
20
22
23
18
16
16
19
19
19
16
17
14
14
22
24
21
17
17
18
17
17
15
20
22
22
17
20
12
20
16
15
17
16
14
14
18
19
15
21
18
25
17
13
18
17
16
17
16
22
16
12
26
14
16
15
16
19
18
19
15
18
16
21
22
15
22
21
15
16
20
16
17
23
18
22
17
13
14
19
12
17
16
17
20
22
19
12
17
17
14
23
19
18
17
16
15
18
18
22
19
14
15
17
13
17
23
20
19
20
19
18
16
20
15
17
16
20
16
19
18
20
20
17
19
16
16
17
19
17
22
11
19
13
15
13
14
19
14
17
16
22
13
15
23
20
16
16
16
15
11
19
17
21
25
20
19
20
17
21
17
11
20
17
16
12
14
20
21
16
23
17
13
19
12
18
17
15
22
12
17
14
21
21
13
23
16
10
17
21
13
18
19
14
18
14
21
14
14
20
15
20
19
16
17
18
21
14
16
19
20
15
15
18
25
15
16
20
14
12
18
14
19
17
16
21
20
18
11
17
28
17
15
16
23
21
18
23
23
13
13
17
19
17
20
20
20
24
23
18
19
20
26
18
19
25
13
22
13
17
15
10
19
10
17
18
17
21
20
19
17
19
22
16
20
18
16
15
18
18
14
17
17
15
13
13
17
14
19
15
14
18
21
18
17
19
16
19
17
25
20
13
14
14
13
19
19
20
13
17
13
14
19
21
24
16
14
13
23
17
17
17
21
17
18
18
11
15
9
14
19
17
17
16
13
23
12
12
16
17
19
18
17
23
18
17
17
26
18
22
20
11
21
15
19
14
20
21
17
15
18
18
16
17
15
16
17
16
20
20
21
16
18
20
18
17
16
20
19
23
12
12
16
12
16
19
21
18
14
24
21
18
23
16
19
15
19
19
20
18
14
15
22
16
19
13
22
16
18
25
20
21
21
21
14
16
19
16
19
19
13
14
22
16
15
20
13
19
13
19
16
20
24
17
16
18
20
13
14
14
22
13
15
17
21
17
19
14
20
10
14
13
18
19
11
18
8
15
17
15
16
15
13
18
20
18
20
16
15
14
17
18
18
18
17
19
15
14
15
18
16
17
13
18
15
15
16
19
22
24
18
20
21
17
15
17
18
18
24
18
15
10
17
11
19
18
15
16
13
19
12
17
14
15
23
24
23
17
16
12
25
22
20
16
25
14
15
11
18
19
18
18
17
25
14
19
14
16
19
23
17
19
23
22
11
18
19
17
19
26
16
12
16
18
16
12
18
17
20
24
15
16
16
18
25
18
13
17
18
18
19
21
21
19
12
17
13
12
11
18
21
23
20
21
22
21
17
15
17
16
18
20
20
21
19
19
16
19
19
17
18
18
18
16
16
16
15
19
19
14
15
17
23
22
17
19
20
20
17
9
24
24
14
13
16
11
24
21
18
17
18
18
18
20
18
19
19
14
13
23
29
18
15
24
10
14
13
11
13
19
21
16
14
17
14
11
15
11
22
19
13
17
15
11
18
14
20
19
21
20
20
19
21
13
14
18
19
14
14
23
23
18
21
10
18
20
19
19
22
12
16
15
16
19
17
23
17
18
13
17
19
18
16
7
15
18
18
19
15
19
26
24
18
17
18
16
16
18
18
18
16
20
12
16
22
16
20
15
18
16
15
19
18
24
19
19
14
17
13
15
20
18
21
17
24
20
23
17
18
23
21
18
21
14
16
18
17
13
20
15
17
21
14
18
19
13
20
17
17
16
24
14
19
18
21
18
20
19
18
16
15
16
21
21
15
20
16
18
16
18
18
19
21
15
12
21
18
23
21
15
19
20
16
16
15
19
20
18
24
18
18
19
20
14
20
21
19
12
19
21
23
17
18
19
18
23
19
20
17
19
15
17
26
14
19
25
17
16
16
21
22
20
20
15
19
20
15
16
15
20
18
19
18
17
22
17
16
17
22
23
19
17
12
22
