35
37
36
37
33
33
32
33
42
39
32
38
33
40
40
42
39
44
40
37
42
34
35
39
40
34
36
35
34
38
33
37
35
36
38
36
40
32
32
41
40
38
39
34
38
46
36
36
34
35
38
44
37
27
37
43
33
39
43
38
41
38
33
36
36
30
32
32
43
43
38
36
39
35
39
34
36
34
38
41
37
36
38
38
35
34
38
36
42
41
30
41
37
41
41
42
34
38
39
38
36
43
43
42
37
33
35
34
32
44
39
29
45
33
38
39
35
35
40
36
38
40
38
37
38
40
38
36
39
44
39
42
39
35
32
37
41
31
32
35
36
41
36
38
28
40
35
38
39
39
38
41
32
42
42
37
31
35
40
34
37
29
40
35
44
36
38
36
33
29
30
36
38
41
29
34
37
43
41
46
34
41
37
39
40
35
35
30
35
45
40
41
37
42
34
37
41
37
40
44
47
40
36
42
39
31
34
34
38
40
36
39
43
39
35
42
35
36
38
34
34
36
40
36
41
35
32
41
36
40
43
34
40
35
42
39
34
38
32
29
39
37
32
41
35
36
38
39
38
38
38
35
40
30
36
41
34
38
40
30
35
37
40
39
34
41
34
45
38
42
33
34
41
37
42
34
35
33
34
34
42
33
38
33
39
30
32
32
35
33
35
35
39
37
35
32
39
40
41
41
34
40
37
35
36
39
38
38
38
36
39
42
39
35
42
39
39
43
38
34
38
39
44
39
34
35
38
35
38
39
40
38
39
36
36
42
38
45
37
36
41
43
44
36
43
34
35
45
42
38
46
33
37
34
34
30
34
38
41
33
43
36
43
39
41
42
38
45
37
34
37
35
34
37
31
39
37
34
35
38
30
38
40
43
37
37
38
39
35
36
42
35
36
36
38
39
38
42
43
36
42
35
37
35
41
40
34
35
35
40
37
38
37
38
41
37
37
41
40
34
46
33
33
38
31
37
38
39
37
33
39
37
37
33
39
44
38
42
38
33
41
37
42
38
38
38
33
38
32
31
37
40
32
39
30
32
36
37
39
33
35
38
37
36
35
40
39
44
43
35
35
38
36
34
40
38
35
41
35
37
37
37
35
37
35
36
36
36
39
42
35
29
37
35
43
36
41
38
37
33
37
28
40
40
40
39
35
37
32
41
34
38
39
40
34
42
34
39
40
33
40
34
36
39
37
42
38
38
36
35
30
27
30
33
44
40
34
34
36
37
41
38
33
41
38
31
37
41
42
35
35
33
44
38
41
42
37
35
42
36
39
39
38
42
36
42
45
37
36
40
32
41
38
42
39
41
38
40
44
39
43
35
38
38
32
43
40
41
39
35
43
42
41
43
50
37
37
38
38
32
36
35
38
35
40
37
37
38
35
41
35
46
45
40
40
37
41
35
37
37
36
34
37
38
36
38
42
31
43
34
37
40
42
38
38
34
37
39
37
36
41
43
38
41
39
42
37
39
30
41
40
40
37
40
38
36
41
37
40
42
40
38
32
36
43
37
35
41
36
43
38
41
35
32
33
40
40
39
31
31
35
35
40
39
36
41
38
33
35
26
37
44
33
33
43
43
42
34
36
33
38
31
38
37
33
33
37
38
43
36
42
44
37
36
38
36
34
42
40
34
41
37
43
36
39
39
46
43
40
42
35
35
31
39
31
38
39
40
39
37
40
43
32
41
35
40
34
40
40
38
36
30
39
35
42
35
43
34
39
36
32
37
36
38
33
40
35
36
39
36
35
37
33
30
45
37
39
33
44
40
36
43
37
34
36
40
40
37
41
34
40
35
36
40
39
39
32
38
39
36
32
34
40
38
31
36
35
36
41
39
40
38
38
38
35
43
39
37
41
30
48
42
36
41
33
35
37
38
37
40
39
45
35
38
41
27
36
33
38
29
40
33
30
35
32
47
35
37
37
36
37
46
35
28
37
43
36
32
38
35
42
35
39
39
36
36
34
38
38
43
33
30
36
31
33
36
39
40
37
30
36
37
35
35
38
45
30
29
35
40
29
32
39
36
40
35
37
33
38
38
35
41
36
36
33
37
42
37
36
36
49
34
37
35
34
35
41
37
37
41
34
38
45
39
35
39
35
33
39
37
34
46
34
39
42
36
36
40
36
36
32
41
43
40
42
35
39
38
38
35
37
45
44
38
37
38
35
41
34
41
39
34
41
40
32
44
32
37
41
40
38
35
36
47
36
34
32
36
35
34
37
38
36
38
43
37
37
32
35
42
37
39
39
45
38
37
44
35
38
34
