13.249369462313386 0.04604299948137419 
7.461403522870037 0.3790694593858751 
19.10500167424611 0.041054933369518876 
3.6446079815501555 1.0221611350646909 
10.157065215738957 0.1275951759608808 
16.031350901226833 0.07349215755690724 
24.822980384433677 0.006856940286752156 
14.108571075107662 0.04750780339254304 
12.246992006922287 0.09885616786544432 
21.612678170083583 0.016311047835993298 
1.860005505523775 0.9888634192583936 
18.03133727910241 0.05295145395042364 
11.293349403272483 0.08624486133126123 
15.046746386238812 0.06492911246023347 
23.101341265770884 0.008678531131413758 
8.287546616147658 0.3405962980381062 
4.829722143715101 0.723398466756171 
20.28661072401443 0.02769548387096135 
17.019484176480393 0.06636564936140835 
27.14642680047222 0.006858913813452522 
